Feature Coefficients:

CreditScore: -0.002716
Gender: -0.507912
Age: 0.061648
Tenure: -0.021571
Balance: 0.000001
NumOfProducts: -0.319537
HasCrCard: -0.200059
IsActiveMember: -1.046285
EstimatedSalary: 0.000000
Geography_Germany: 1.024242
Geography_Spain: 0.198161
